RA23-01882-A1-1.[1536x2560].png: 0.8403244018554688
RA23-01882-A1-1.[1536x3072].png: 0.9036865234375
RA23-01882-A1-1.[2560x1536].png: 0.8873214721679688
RA23-01882-A1-1.[2560x2048].png: 0.9490623474121094
RA23-01882-A1-1.[3072x1024].png: 0.831268310546875
RA23-01882-A1-1.[3072x1536].png: 0.9484329223632812
RA23-01882-A1-1.[3584x1024].png: 0.9249191284179688
RA23-01882-A1-1.[3584x512].png: 0.5637779235839844
RA23-01882-A1-1.[5120x1024].png: 0.6933174133300781
RA23-01882-A1-1.[5120x1536].png: 0.9006919860839844
RA23-01882-A1-1.[5120x512].png: 0.6901359558105469
RA23-01882-A1-1.[5632x1024].png: 0.7694091796875
RA23-01882-A1-1.[5632x1536].png: 0.9572257995605469
RA23-01882-A1-1.[5632x2048].png: 0.9652748107910156
RA23-01882-A1-1.[6144x1024].png: 0.8373603820800781
RA23-01882-A1-1.[6144x1536].png: 0.9942893981933594
RA23-01882-A1-1.[6144x2048].png: 0.9398612976074219
RA23-01882-A1-1.[6656x1024].png: 0.8067626953125
RA23-01882-A1-1.[6656x1536].png: 0.9159889221191406
RA23-01882-A1-1.[7168x1536].png: 0.8108329772949219
RA23-01882-A1-1.[8704x1024].png: 0.9706153869628906
RA23-01882-A1-1.[8704x512].png: 0.7388420104980469
RA23-01882-A1-1.[9216x1024].png: 0.9703826904296875
RA23-01882-A1-1.[9216x1536].png: 0.95208740234375
RA23-01882-A1-1.[9728x1024].png: 0.8053550720214844
RA23-01882-A1-1.[9728x1536].png: 0.9355545043945312
